Date; Open; High; Low; Close; Moving Average 14
20.06.2011 0:00:00;12004.28;12099.87;11971.29;12080.38;12067.75
21.06.2011 0:00:00;12081.33;12217.33;12081.18;12190.01;12060.60
22.06.2011 0:00:00;12189.71;12207.99;12105.85;12109.67;12050.68
23.06.2011 0:00:00;12108.35;12108.73;11874.94;12050.00;12043.45
24.06.2011 0:00:00;12049.24;12057.19;11925.42;11934.58;12032.35
27.06.2011 0:00:00;11934.66;12098.81;11934.05;12043.56;12030.40
28.06.2011 0:00:00;12042.28;12190.43;12042.28;12188.69;12040.38
29.06.2011 0:00:00;12187.63;12284.39;12175.86;12261.42;12050.17
30.06.2011 0:00:00;12262.25;12427.09;12262.10;12414.34;12083.21
01.07.2011 0:00:00;12412.07;12596.13;12404.08;12582.77;12128.19
05.07.2011 0:00:00;12583.00;12601.80;12540.58;12569.87;12163.46
06.07.2011 0:00:00;12562.47;12643.24;12539.21;12626.02;12215.51
07.07.2011 0:00:00;12627.23;12753.89;12627.23;12719.49;12269.65
08.07.2011 0:00:00;12717.90;12717.90;12567.41;12657.20;12316.29
11.07.2011 0:00:00;12655.62;12655.84;12470.30;12505.76;12346.67
12.07.2011 0:00:00;12505.54;12570.58;12446.88;12446.88;12365.02
13.07.2011 0:00:00;12447.33;12611.04;12447.33;12491.61;12392.30
14.07.2011 0:00:00;12491.53;12581.98;12414.41;12437.12;12419.95
15.07.2011 0:00:00;12437.12;12504.82;12406.09;12479.73;12458.89
18.07.2011 0:00:00;12475.11;12475.26;12296.23;12385.16;12483.29
19.07.2011 0:00:00;12386.03;12607.56;12385.96;12587.42;12511.77
20.07.2011 0:00:00;12583.68;12603.51;12546.56;12571.91;12533.95
21.07.2011 0:00:00;12567.07;12751.43;12566.61;12724.41;12556.10
22.07.2011 0:00:00;12724.71;12740.87;12644.19;12681.16;12563.12
25.07.2011 0:00:00;12679.72;12679.95;12536.19;12592.80;12564.76
26.07.2011 0:00:00;12592.12;12593.40;12489.04;12501.30;12555.85
27.07.2011 0:00:00;12498.42;12498.65;12289.69;12302.55;12526.07
28.07.2011 0:00:00;12301.72;12384.90;12226.83;12240.11;12496.28
29.07.2011 0:00:00;12239.36;12243.07;12083.45;12143.24;12470.39
01.08.2011 0:00:00;12144.22;12282.42;11998.08;12132.49;12447.93
02.08.2011 0:00:00;12129.77;12130.30;11865.56;11866.62;12403.29
03.08.2011 0:00:00;11863.74;11904.91;11700.34;11896.44;12364.67
04.08.2011 0:00:00;11893.86;11893.94;11372.14;11383.68;12286.38
05.08.2011 0:00:00;11383.98;11555.41;11139.00;11444.61;12219.20
08.08.2011 0:00:00;11433.93;11434.09;10809.85;10809.85;12092.23
09.08.2011 0:00:00;10810.91;11244.01;10604.07;11239.77;11997.07
10.08.2011 0:00:00;11228.00;11228.00;10686.49;10719.94;11853.90
11.08.2011 0:00:00;10729.85;11278.90;10729.85;11143.31;11744.05
12.08.2011 0:00:00;11143.46;11346.67;11142.18;11269.02;11649.50
15.08.2011 0:00:00;11269.85;11484.60;11269.85;11482.90;11576.75
16.08.2011 0:00:00;11480.48;11488.01;11292.63;11405.93;11512.71
17.08.2011 0:00:00;11392.01;11529.67;11322.30;11410.21;11453.43
18.08.2011 0:00:00;11406.27;11406.50;10881.60;10990.58;11371.10
19.08.2011 0:00:00;10989.75;11086.40;10801.41;10817.65;11277.18
22.08.2011 0:00:00;10820.37;11020.55;10820.37;10854.65;11204.90
23.08.2011 0:00:00;10854.58;11176.84;10854.43;11176.76;11153.49
24.08.2011 0:00:00;11175.78;11331.57;11113.04;11320.71;11148.99
25.08.2011 0:00:00;11321.02;11406.39;11106.76;11149.82;11127.94
26.08.2011 0:00:00;11145.20;11326.43;10929.20;11284.54;11161.84
29.08.2011 0:00:00;11286.65;11541.78;11286.58;11539.25;11183.23
30.08.2011 0:00:00;11532.13;11630.07;11429.39;11559.95;11243.23
31.08.2011 0:00:00;11560.48;11712.60;11528.08;11613.53;11276.82
01.09.2011 0:00:00;11613.30;11716.84;11488.46;11493.57;11292.86
02.09.2011 0:00:00;11492.06;11492.14;11211.35;11240.26;11275.53
06.09.2011 0:00:00;11237.31;11237.46;10932.53;11139.30;11256.48
07.09.2011 0:00:00;11137.63;11414.86;11137.63;11414.86;11256.82
08.09.2011 0:00:00;11414.86;11477.30;11283.74;11295.81;11278.62
09.09.2011 0:00:00;11294.60;11294.83;10935.64;10992.13;11291.08
12.09.2011 0:00:00;10990.01;11062.03;10824.76;11061.12;11305.83
13.09.2011 0:00:00;11054.99;11140.85;10987.18;11105.85;11300.76
14.09.2011 0:00:00;11106.83;11386.78;10993.84;11246.73;11295.48
15.09.2011 0:00:00;11247.72;11433.40;11247.49;11433.18;11315.72
16.09.2011 0:00:00;11433.71;11532.47;11407.41;11509.09;11331.76
19.09.2011 0:00:00;11506.67;11506.82;11255.25;11401.01;11321.88
20.09.2011 0:00:00;11401.47;11550.22;11373.92;11408.66;11311.08
21.09.2011 0:00:00;11408.58;11447.86;11117.28;11124.84;11276.17
22.09.2011 0:00:00;11121.89;11122.12;10597.14;10733.83;11221.91
23.09.2011 0:00:00;10732.77;10808.49;10638.73;10771.48;11188.42
26.09.2011 0:00:00;10771.78;11057.49;10771.78;11043.86;11181.60
27.09.2011 0:00:00;11045.23;11369.30;11045.23;11190.69;11165.59
28.09.2011 0:00:00;11189.10;11317.08;10996.98;11010.90;11145.24
29.09.2011 0:00:00;11012.79;11271.14;10965.45;11153.98;11156.80
30.09.2011 0:00:00;11152.32;11152.39;10909.52;10913.38;11146.25
03.10.2011 0:00:00;10912.10;10979.19;10653.34;10655.30;11114.07
04.10.2011 0:00:00;10651.44;10825.44;10404.49;10808.71;11082.78
05.10.2011 0:00:00;10800.47;10950.89;10738.10;10939.95;11047.55
06.10.2011 0:00:00;10939.87;11132.60;10858.67;11123.33;11019.99
07.10.2011 0:00:00;11123.41;11232.05;11051.13;11103.12;10998.72
10.10.2011 0:00:00;11104.56;11433.33;11104.56;11433.18;11000.47
11.10.2011 0:00:00;11432.80;11447.86;11365.67;11416.30;11021.29
12.10.2011 0:00:00;11417.36;11625.30;11417.28;11518.85;11077.36
13.10.2011 0:00:00;11518.09;11518.09;11377.82;11478.13;11127.83
14.10.2011 0:00:00;11478.97;11646.83;11478.66;11644.49;11170.74
17.10.2011 0:00:00;11643.35;11643.35;11378.35;11397.00;11185.47
18.10.2011 0:00:00;11396.17;11652.74;11296.12;11577.05;11225.91
19.10.2011 0:00:00;11577.54;11633.70;11469.17;11504.62;11250.96
20.10.2011 0:00:00;11502.13;11581.25;11391.14;11541.78;11295.84
21.10.2011 0:00:00;11543.22;11812.46;11542.84;11808.79;11378.24
24.10.2011 0:00:00;11807.96;11940.75;11805.77;11913.62;11457.16
25.10.2011 0:00:00;11912.63;11912.86;11682.52;11706.62;11511.92
26.10.2011 0:00:00;11707.76;11891.21;11694.36;11869.04;11565.18
27.10.2011 0:00:00;11872.07;12284.31;11872.07;12208.55;11644.14
28.10.2011 0:00:00;12207.34;12251.92;12164.24;12231.11;11701.14
31.10.2011 0:00:00;12229.22;12229.29;11954.41;11955.01;11739.62
01.11.2011 0:00:00;11951.53;11951.76;11630.03;11657.96;11749.55
02.11.2011 0:00:00;11658.49;11876.83;11658.49;11836.04;11775.12
03.11.2011 0:00:00;11835.59;12065.93;11835.43;12044.47;11803.69
04.11.2011 0:00:00;12043.41;12043.49;11850.31;11983.24;11845.56
07.11.2011 0:00:00;11983.02;12074.44;11880.69;12068.39;11880.66
08.11.2011 0:00:00;12055.52;12187.51;12002.17;12170.18;11928.20
09.11.2011 0:00:00;12166.40;12166.40;11736.93;11780.94;11945.28
10.11.2011 0:00:00;11780.03;11961.14;11779.88;11893.79;11951.35
11.11.2011 0:00:00;11896.28;12179.72;11896.28;12153.68;11968.50
14.11.2011 0:00:00;12153.00;12170.56;12027.03;12078.98;11995.10
15.11.2011 0:00:00;12077.92;12165.11;12001.26;12096.16;12011.32
16.11.2011 0:00:00;12084.74;12109.03;11890.57;11905.59;11989.68
17.11.2011 0:00:00;11905.67;11948.43;11676.35;11770.73;11956.80
18.11.2011 0:00:00;11768.98;11854.81;11755.82;11796.16;11945.45
21.11.2011 0:00:00;11795.55;11795.70;11454.07;11547.31;11937.55
22.11.2011 0:00:00;11542.39;11571.75;11433.97;11493.72;11913.10
23.11.2011 0:00:00;11492.74;11492.82;11257.55;11257.55;11856.89
25.11.2011 0:00:00;11251.88;11361.47;11231.56;11231.78;11803.21
28.11.2011 0:00:00;11232.47;11562.10;11232.16;11523.01;11764.26
29.11.2011 0:00:00;11523.01;11624.01;11517.04;11555.63;11720.36
30.11.2011 0:00:00;11559.27;12045.68;11559.27;12045.68;11739.27
01.12.2011 0:00:00;12046.21;12062.64;11974.62;12020.03;11748.29
02.12.2011 0:00:00;12022.37;12146.68;12007.12;12019.42;11738.70
05.12.2011 0:00:00;12021.54;12186.53;12021.46;12097.83;11740.04
06.12.2011 0:00:00;12097.75;12215.71;12076.71;12150.13;11743.90
07.12.2011 0:00:00;12144.41;12257.67;12060.37;12196.37;11764.67
08.12.2011 0:00:00;12195.91;12195.91;11966.22;11997.70;11780.88
09.12.2011 0:00:00;11996.03;12212.83;11995.51;12184.26;11808.60
12.12.2011 0:00:00;12181.08;12181.38;11940.86;12021.39;11842.46
13.12.2011 0:00:00;12018.66;12147.70;11904.38;11954.94;11875.41
14.12.2011 0:00:00;11949.72;11950.02;11786.47;11823.48;11915.83
15.12.2011 0:00:00;11825.29;11967.84;11825.22;11868.81;11961.33
16.12.2011 0:00:00;11870.25;11968.18;11819.31;11866.39;11985.86
19.12.2011 0:00:00;11866.54;11925.88;11735.19;11766.26;12000.91
20.12.2011 0:00:00;11769.21;12117.13;11768.83;12103.58;12005.04
21.12.2011 0:00:00;12103.28;12119.70;11999.44;12107.74;12011.31
22.12.2011 0:00:00;12107.59;12182.71;12107.37;12169.65;12022.04
23.12.2011 0:00:00;12169.80;12297.44;12169.80;12294.00;12036.05
27.12.2011 0:00:00;12293.47;12328.47;12269.97;12291.35;12046.14
28.12.2011 0:00:00;12288.85;12299.11;12140.17;12151.41;12042.93
29.12.2011 0:00:00;12152.09;12293.96;12152.09;12287.04;12063.59
30.12.2011 0:00:00;12286.13;12290.06;12213.78;12217.56;12065.97
03.01.2012 0:00:00;12221.19;12479.65;12221.19;12397.38;12092.83
04.01.2012 0:00:00;12392.46;12430.00;12337.25;12418.42;12125.93
05.01.2012 0:00:00;12418.42;12435.98;12283.90;12415.70;12168.24
06.01.2012 0:00:00;12407.45;12415.24;12332.41;12359.92;12203.31
09.01.2012 0:00:00;12359.31;12409.08;12333.85;12392.69;12240.91
10.01.2012 0:00:00;12394.51;12514.69;12394.51;12462.47;12290.64
11.01.2012 0:00:00;12459.52;12462.58;12399.01;12449.45;12315.34
12.01.2012 0:00:00;12449.91;12483.70;12385.08;12471.02;12341.29
13.01.2012 0:00:00;12469.96;12470.12;12311.79;12422.06;12359.32
17.01.2012 0:00:00;12423.12;12573.65;12423.12;12482.07;12372.75
18.01.2012 0:00:00;12474.69;12582.28;12453.20;12578.95;12393.30
19.01.2012 0:00:00;12578.19;12625.80;12563.58;12623.98;12427.05
20.01.2012 0:00:00;12623.83;12720.48;12620.76;12720.48;12458.01
23.01.2012 0:00:00;12720.25;12764.49;12665.83;12708.82;12493.10
24.01.2012 0:00:00;12708.37;12708.52;12613.54;12675.75;12512.98
25.01.2012 0:00:00;12673.63;12778.26;12580.12;12756.96;12537.17
26.01.2012 0:00:00;12757.33;12841.95;12695.16;12734.63;12559.95
27.01.2012 0:00:00;12733.95;12733.95;12630.72;12660.46;12581.41
30.01.2012 0:00:00;12659.17;12659.32;12529.41;12653.72;12600.06
31.01.2012 0:00:00;12654.78;12720.10;12567.33;12632.91;12612.23
01.02.2012 0:00:00;12632.76;12784.62;12632.76;12716.46;12631.30
02.02.2012 0:00:00;12716.54;12741.89;12676.05;12705.41;12648.05
03.02.2012 0:00:00;12705.04;12869.95;12704.96;12862.23;12679.49
06.02.2012 0:00:00;12860.72;12860.79;12793.43;12845.13;12705.42
07.02.2012 0:00:00;12844.37;12903.71;12782.57;12878.20;12726.80
08.02.2012 0:00:00;12865.79;12893.64;12817.69;12883.95;12745.37
09.02.2012 0:00:00;12884.41;12924.71;12846.41;12890.46;12757.51
10.02.2012 0:00:00;12889.55;12889.63;12743.56;12801.23;12764.11
13.02.2012 0:00:00;12799.11;12887.93;12799.11;12874.04;12778.27
14.02.2012 0:00:00;12871.77;12878.88;12786.93;12878.28;12786.94
15.02.2012 0:00:00;12864.65;12899.47;12753.62;12780.95;12790.25
16.02.2012 0:00:00;12779.81;12914.00;12779.58;12904.08;12807.65
17.02.2012 0:00:00;12903.33;12967.92;12903.25;12949.87;12828.80
21.02.2012 0:00:00;12949.34;13005.04;12926.11;12965.69;12852.57
22.02.2012 0:00:00;12966.22;12977.91;12914.83;12938.67;12868.44
23.02.2012 0:00:00;12937.08;12996.08;12882.67;12984.69;12888.39
24.02.2012 0:00:00;12981.20;13013.82;12950.59;12982.95;12897.01
27.02.2012 0:00:00;12981.13;13027.52;12882.59;12981.51;12906.75
28.02.2012 0:00:00;12976.74;13021.51;12952.82;13005.12;12915.82
29.02.2012 0:00:00;13005.42;13055.75;12929.66;12952.07;12920.69
01.03.2012 0:00:00;12952.29;13032.67;12943.06;12980.30;12927.10
02.03.2012 0:00:00;12980.75;12997.51;12927.77;12977.57;12939.70
05.03.2012 0:00:00;12977.34;12977.34;12883.91;12962.81;12946.04
06.03.2012 0:00:00;12958.65;12958.73;12734.86;12759.15;12937.53
07.03.2012 0:00:00;12756.12;12857.73;12751.51;12837.33;12941.56
08.03.2012 0:00:00;12835.53;12937.19;12835.53;12907.94;12941.83
09.03.2012 0:00:00;12908.62;12968.79;12906.43;12922.02;12939.84
12.03.2012 0:00:00;12920.58;12976.36;12919.98;12959.71;12939.42
13.03.2012 0:00:00;12953.20;13180.40;12953.13;13177.68;12956.49
14.03.2012 0:00:00;13177.15;13221.27;13166.25;13194.10;12971.45
15.03.2012 0:00:00;13192.97;13253.51;13170.19;13252.76;12990.72
16.03.2012 0:00:00;13253.51;13289.08;13231.45;13232.62;13008.66
19.03.2012 0:00:00;13231.94;13269.71;13208.63;13239.13;13025.37
20.03.2012 0:00:00;13238.45;13238.45;13123.38;13170.19;13040.95
21.03.2012 0:00:00;13170.79;13190.02;13112.93;13124.62;13051.26
22.03.2012 0:00:00;13124.40;13124.47;13017.42;13046.14;13056.16
23.03.2012 0:00:00;13045.99;13099.91;13002.77;13080.73;13064.58
26.03.2012 0:00:00;13082.62;13243.86;13082.39;13241.63;13099.04
27.03.2012 0:00:00;13242.09;13264.98;13194.33;13197.73;13124.79
28.03.2012 0:00:00;13195.39;13212.64;13069.26;13126.21;13140.38
29.03.2012 0:00:00;13125.99;13151.57;13032.67;13145.82;13156.36
30.03.2012 0:00:00;13147.94;13224.49;13147.78;13212.04;13174.39
02.04.2012 0:00:00;13211.36;13297.11;13153.69;13264.49;13180.59
03.04.2012 0:00:00;13258.96;13265.36;13131.21;13199.55;13180.98
04.04.2012 0:00:00;13198.19;13198.19;13020.86;13074.75;13168.26
05.04.2012 0:00:00;13067.18;13088.11;13012.46;13060.14;13155.94
09.04.2012 0:00:00;13057.57;13057.72;12903.78;12929.59;13133.83
10.04.2012 0:00:00;12929.44;12929.59;12710.56;12715.93;13101.38
11.04.2012 0:00:00;12716.92;12844.82;12716.92;12805.39;13078.58
12.04.2012 0:00:00;12806.45;12986.96;12806.30;12986.58;13074.33
13.04.2012 0:00:00;12986.20;12986.35;12845.28;12849.59;13057.82
16.04.2012 0:00:00;12850.88;12986.77;12850.80;12921.41;13034.94
17.04.2012 0:00:00;12921.79;13131.36;12921.79;13115.54;13029.07
18.04.2012 0:00:00;13114.56;13114.56;13027.49;13032.75;13022.40
19.04.2012 0:00:00;13028.73;13080.20;12896.82;12964.10;13009.42
20.04.2012 0:00:00;12964.48;13082.54;12964.25;13029.26;12996.36
23.04.2012 0:00:00;13028.20;13028.20;12845.58;12927.17;12972.27
24.04.2012 0:00:00;12927.77;13050.30;12926.49;13001.56;12958.13
25.04.2012 0:00:00;12997.69;13105.70;12993.60;13090.72;12959.27
26.04.2012 0:00:00;13090.11;13227.82;13075.96;13204.62;12969.59
27.04.2012 0:00:00;13204.70;13266.68;13192.21;13228.31;12990.92
30.04.2012 0:00:00;13228.31;13228.76;13176.01;13213.63;13026.47
01.05.2012 0:00:00;13214.16;13338.66;13174.65;13279.32;13060.33
02.05.2012 0:00:00;13278.11;13278.11;13192.21;13268.57;13080.47
03.05.2012 0:00:00;13267.59;13284.09;13175.64;13206.59;13105.97
04.05.2012 0:00:00;13204.62;13205.00;13022.34;13038.27;13114.31
07.05.2012 0:00:00;13035.85;13049.09;12970.00;13008.53;13106.67
08.05.2012 0:00:00;13000.73;13000.73;12810.39;12932.09;13099.48
09.05.2012 0:00:00;12921.81;12921.81;12748.48;12835.06;13090.26
10.05.2012 0:00:00;12831.58;12931.71;12820.30;12855.04;13077.82
11.05.2012 0:00:00;12851.79;12918.01;12779.28;12820.60;13070.21
14.05.2012 0:00:00;12818.49;12818.86;12661.48;12695.35;13048.34
15.05.2012 0:00:00;12695.05;12758.43;12608.16;12632.00;13015.57
16.05.2012 0:00:00;12617.32;12722.63;12597.34;12598.55;12972.28
17.05.2012 0:00:00;12598.32;12611.42;12440.52;12442.49;12916.15
18.05.2012 0:00:00;12443.02;12492.97;12336.76;12369.38;12855.85
21.05.2012 0:00:00;12369.15;12508.11;12367.72;12504.48;12800.50
22.05.2012 0:00:00;12505.38;12575.96;12447.33;12502.81;12745.80
23.05.2012 0:00:00;12501.52;12508.30;12311.56;12496.15;12695.06
24.05.2012 0:00:00;12491.91;12539.59;12419.63;12529.75;12658.73
25.05.2012 0:00:00;12530.74;12533.12;12421.53;12454.83;12619.18
29.05.2012 0:00:00;12454.83;12611.61;12454.60;12580.69;12594.08
30.05.2012 0:00:00;12579.02;12579.10;12396.40;12419.86;12564.43
31.05.2012 0:00:00;12414.41;12489.87;12316.48;12393.45;12531.46
01.06.2012 0:00:00;12391.56;12391.63;12107.48;12118.57;12481.31
04.06.2012 0:00:00;12119.85;12143.69;12035.09;12101.46;12438.89
05.06.2012 0:00:00;12101.08;12147.55;12072.17;12127.95;12402.89
06.06.2012 0:00:00;12125.00;12414.79;12125.00;12414.79;12389.76
07.06.2012 0:00:00;12416.53;12555.26;12416.53;12460.96;12391.08
08.06.2012 0:00:00;12460.81;12554.20;12398.44;12554.20;12404.28
11.06.2012 0:00:00;12553.81;12650.47;12398.48;12411.23;12397.62
12.06.2012 0:00:00;12412.07;12577.02;12411.91;12573.80;12402.69
13.06.2012 0:00:00;12566.38;12598.25;12453.69;12496.38;12402.71
14.06.2012 0:00:00;12497.89;12698.68;12497.66;12651.91;12411.43
15.06.2012 0:00:00;12652.21;12774.70;12651.38;12767.17;12433.74
18.06.2012 0:00:00;12767.02;12781.93;12696.18;12741.82;12445.25
19.06.2012 0:00:00;12744.62;12898.94;12744.47;12837.33;12475.07
20.06.2012 0:00:00;12837.10;12877.18;12744.92;12824.39;12505.85
21.06.2012 0:00:00;12823.10;12857.39;12561.46;12573.57;12538.35
22.06.2012 0:00:00;12574.82;12674.08;12574.67;12640.78;12576.88
25.06.2012 0:00:00;12639.80;12639.87;12458.01;12502.66;12603.64
26.06.2012 0:00:00;12503.57;12576.41;12452.03;12534.67;12612.21
27.06.2012 0:00:00;12532.93;12646.87;12532.71;12627.01;12624.07
28.06.2012 0:00:00;12626.25;12626.25;12450.17;12602.26;12627.50
29.06.2012 0:00:00;12604.60;12880.39;12604.53;12880.09;12660.99
02.07.2012 0:00:00;12879.71;12902.12;12795.48;12871.39;12682.25
03.07.2012 0:00:00;12868.06;12946.20;12845.28;12943.82;12714.21
05.07.2012 0:00:00;12941.85;12961.30;12852.24;12896.67;12731.69
06.07.2012 0:00:00;12889.40;12889.40;12702.99;12772.47;12732.07
09.07.2012 0:00:00;12772.02;12772.02;12686.57;12736.29;12731.67
10.07.2012 0:00:00;12733.87;12830.29;12606.91;12653.12;12718.51
11.07.2012 0:00:00;12653.04;12661.97;12534.33;12604.53;12702.81
12.07.2012 0:00:00;12602.71;12630.64;12492.25;12573.27;12702.79
13.07.2012 0:00:00;12573.73;12784.73;12573.04;12777.09;12712.52
16.07.2012 0:00:00;12776.33;12779.58;12690.05;12727.21;12728.56
17.07.2012 0:00:00;12728.73;12829.23;12645.10;12805.54;12747.91
18.07.2012 0:00:00;12796.98;12921.94;12754.61;12908.70;12768.03
19.07.2012 0:00:00;12909.61;12977.57;12889.93;12943.36;12792.40
20.07.2012 0:00:00;12942.68;12942.83;12810.35;12822.57;12788.29
23.07.2012 0:00:00;12820.45;12820.45;12583.41;12721.46;12777.58
24.07.2012 0:00:00;12720.93;12730.09;12521.84;12617.32;12754.26
25.07.2012 0:00:00;12617.77;12732.77;12617.62;12676.05;12738.50
26.07.2012 0:00:00;12680.59;12931.22;12680.59;12887.93;12746.75
27.07.2012 0:00:00;12888.91;13117.74;12888.53;13075.66;12770.99
30.07.2012 0:00:00;13075.35;13128.64;13042.85;13073.01;12800.98
31.07.2012 0:00:00;13071.72;13082.66;13006.48;13008.68;12829.85
01.08.2012 0:00:00;13007.47;13074.83;12951.16;12971.06;12858.26
02.08.2012 0:00:00;12969.70;12969.85;12778.90;12878.88;12865.53
03.08.2012 0:00:00;12884.82;13133.18;12884.82;13096.17;12891.88
06.08.2012 0:00:00;13099.88;13187.28;13099.72;13117.51;12914.17
07.08.2012 0:00:00;13118.65;13215.97;13118.42;13168.60;12932.73
08.08.2012 0:00:00;13158.10;13202.65;13115.24;13175.64;12949.32
09.08.2012 0:00:00;13174.73;13200.23;13125.09;13165.19;12973.80
10.08.2012 0:00:00;13163.15;13208.22;13094.96;13207.95;13008.55
13.08.2012 0:00:00;13204.93;13205.01;13112.94;13169.43;13047.98
14.08.2012 0:00:00;13168.11;13223.01;13142.10;13172.14;13083.42
15.08.2012 0:00:00;13157.47;13192.89;13138.23;13164.78;13103.19
16.08.2012 0:00:00;13163.24;13269.35;13145.85;13250.11;13115.65
17.08.2012 0:00:00;13251.20;13281.32;13244.85;13275.20;13130.10
20.08.2012 0:00:00;13274.58;13276.15;13230.06;13271.64;13148.88
21.08.2012 0:00:00;13272.10;13330.76;13186.60;13203.58;13165.49
22.08.2012 0:00:00;13198.31;13205.06;13120.34;13172.76;13186.48
23.08.2012 0:00:00;13171.37;13171.37;13046.46;13057.46;13183.71
24.08.2012 0:00:00;13052.82;13175.51;13027.20;13157.97;13186.60
27.08.2012 0:00:00;13157.74;13176.17;13115.46;13124.67;13183.47
28.08.2012 0:00:00;13122.74;13147.32;13081.12;13102.99;13178.28
29.08.2012 0:00:00;13103.46;13144.81;13081.27;13107.48;13174.15
30.08.2012 0:00:00;13101.29;13101.37;12978.91;13000.71;13159.35
31.08.2012 0:00:00;13002.72;13151.87;13002.64;13090.84;13153.74
04.09.2012 0:00:00;13092.15;13092.39;12977.09;13035.94;13144.01
05.09.2012 0:00:00;13036.09;13095.91;13018.74;13047.48;13135.63
06.09.2012 0:00:00;13045.23;13294.13;13045.08;13292.00;13138.62
07.09.2012 0:00:00;13289.53;13320.27;13266.22;13306.64;13140.87
10.09.2012 0:00:00;13308.56;13324.10;13251.39;13254.29;13139.63
11.09.2012 0:00:00;13254.60;13354.34;13253.21;13323.36;13148.19
12.09.2012 0:00:00;13321.62;13373.62;13317.52;13333.35;13159.66
13.09.2012 0:00:00;13329.71;13573.33;13325.11;13539.86;13194.11
14.09.2012 0:00:00;13540.40;13653.24;13533.94;13593.37;13225.21
17.09.2012 0:00:00;13588.57;13593.15;13526.67;13553.10;13255.82
18.09.2012 0:00:00;13552.33;13582.12;13517.81;13564.64;13288.79
19.09.2012 0:00:00;13565.41;13626.48;13556.74;13577.96;13322.40
20.09.2012 0:00:00;13575.17;13599.02;13503.00;13596.93;13364.98
21.09.2012 0:00:00;13597.24;13647.10;13571.53;13579.47;13399.88
24.09.2012 0:00:00;13577.85;13601.90;13521.68;13558.92;13437.24
25.09.2012 0:00:00;13559.92;13620.21;13457.25;13457.55;13466.53
26.09.2012 0:00:00;13458.63;13480.37;13406.91;13413.51;13475.21
27.09.2012 0:00:00;13413.47;13522.83;13413.47;13485.97;13488.02
28.09.2012 0:00:00;13485.89;13487.66;13367.27;13437.13;13501.08
01.10.2012 0:00:00;13437.66;13598.25;13437.66;13515.11;13514.78
02.10.2012 0:00:00;13515.30;13567.06;13424.92;13482.36;13525.42
03.10.2012 0:00:00;13479.21;13536.27;13439.12;13494.61;13522.19
04.10.2012 0:00:00;13495.18;13594.33;13495.18;13575.36;13520.90
05.10.2012 0:00:00;13569.18;13661.87;13568.75;13610.15;13524.98
08.10.2012 0:00:00;13610.38;13610.38;13552.09;13583.65;13526.33
09.10.2012 0:00:00;13582.88;13592.33;13473.31;13473.53;13518.88
10.10.2012 0:00:00;13473.53;13478.83;13327.62;13344.97;13500.88
11.10.2012 0:00:00;13346.28;13428.49;13326.12;13326.39;13482.80
12.10.2012 0:00:00;13325.62;13401.32;13296.43;13328.85;13466.37
15.10.2012 0:00:00;13329.54;13437.66;13325.93;13424.23;13463.99
16.10.2012 0:00:00;13423.84;13556.37;13423.76;13551.78;13473.86
17.10.2012 0:00:00;13539.63;13561.65;13468.90;13557.00;13478.94
18.10.2012 0:00:00;13553.24;13588.73;13510.93;13548.94;13486.92
19.10.2012 0:00:00;13545.33;13545.49;13312.22;13343.51;13474.67
22.10.2012 0:00:00;13344.28;13368.55;13235.15;13345.89;13464.92
23.10.2012 0:00:00;13344.90;13344.90;13083.28;13102.53;13436.91
24.10.2012 0:00:00;13103.53;13155.21;13063.63;13077.34;13401.34
25.10.2012 0:00:00;13079.64;13164.52;13039.86;13103.68;13365.16
26.10.2012 0:00:00;13104.22;13151.72;13040.17;13107.21;13331.13
31.10.2012 0:00:00;13107.44;13189.08;13052.07;13096.46;13304.20
01.11.2012 0:00:00;13099.19;13273.71;13099.11;13232.62;13296.17
02.11.2012 0:00:00;13233.39;13289.45;13076.57;13093.16;13279.51
05.11.2012 0:00:00;13092.28;13140.58;13038.71;13112.44;13264.06
06.11.2012 0:00:00;13113.89;13290.75;13112.90;13245.68;13251.30
07.11.2012 0:00:00;13228.24;13228.32;12876.60;12932.73;13207.08
08.11.2012 0:00:00;12932.81;12980.23;12811.24;12811.32;13153.82
09.11.2012 0:00:00;12811.17;12890.19;12743.39;12815.39;13101.43
12.11.2012 0:00:00;12815.93;12861.28;12783.00;12815.16;13063.69
13.11.2012 0:00:00;12808.71;12898.25;12748.51;12756.18;13021.56
14.11.2012 0:00:00;12746.54;12797.73;12542.68;12570.95;12983.59
15.11.2012 0:00:00;12571.10;12600.59;12496.56;12542.38;12945.38
16.11.2012 0:00:00;12542.31;12604.17;12471.49;12588.31;12908.57
19.11.2012 0:00:00;12590.23;12796.19;12590.23;12795.96;12886.34
20.11.2012 0:00:00;12790.89;12808.56;12701.07;12788.51;12864.34
21.11.2012 0:00:00;12788.36;12845.99;12786.13;12836.89;12836.08
23.11.2012 0:00:00;12833.13;13011.45;12832.98;13009.68;12830.11
26.11.2012 0:00:00;13008.30;13008.45;12900.17;12967.37;12819.75
27.11.2012 0:00:00;12963.38;12980.19;12868.26;12878.13;12793.50
28.11.2012 0:00:00;12875.56;12989.10;12765.32;12985.11;12797.24
29.11.2012 0:00:00;12977.35;13062.56;12961.92;13021.82;12812.27
30.11.2012 0:00:00;13022.05;13053.74;12988.68;13025.58;12827.29
03.12.2012 0:00:00;13027.73;13087.32;12959.42;12965.60;12838.03
04.12.2012 0:00:00;12966.45;13022.51;12940.07;12951.78;12852.00
05.12.2012 0:00:00;12948.96;13089.11;12923.44;13034.49;12885.12
06.12.2012 0:00:00;13026.19;13076.88;13007.84;13074.04;12923.09
07.12.2012 0:00:00;13072.87;13157.28;13072.87;13155.13;12963.58
10.12.2012 0:00:00;13154.89;13195.35;13139.08;13169.88;12990.29
11.12.2012 0:00:00;13170.34;13306.57;13170.34;13248.44;13023.14
12.12.2012 0:00:00;13250.05;13329.44;13227.44;13245.45;13052.32
13.12.2012 0:00:00;13241.38;13264.41;13147.19;13170.72;13063.82
14.12.2012 0:00:00;13170.80;13190.41;13118.46;13135.01;13075.80
17.12.2012 0:00:00;13135.17;13244.33;13134.63;13235.39;13101.32
18.12.2012 0:00:00;13236.61;13365.86;13232.58;13350.96;13127.45
19.12.2012 0:00:00;13351.04;13357.70;13251.74;13251.97;13143.89
20.12.2012 0:00:00;13246.67;13314.64;13216.03;13311.72;13164.33
21.12.2012 0:00:00;13309.95;13309.95;13122.53;13190.84;13180.42
24.12.2012 0:00:00;13190.15;13190.38;13128.55;13139.08;13193.79
26.12.2012 0:00:00;13138.85;13174.88;13076.87;13114.59;13199.52
27.12.2012 0:00:00;13114.97;13141.74;12964.08;13096.31;13201.11
28.12.2012 0:00:00;13095.08;13095.46;12926.86;12938.11;13185.60
31.12.2012 0:00:00;12938.19;13109.13;12883.89;13104.14;13180.91
02.01.2013 0:00:00;13104.30;13412.71;13104.30;13412.55;13192.63
03.01.2013 0:00:00;13413.01;13430.60;13358.30;13391.36;13203.05
04.01.2013 0:00:00;13391.05;13447.11;13376.23;13435.21;13221.95
07.01.2013 0:00:00;13436.13;13436.13;13343.32;13384.29;13239.75
08.01.2013 0:00:00;13377.42;13377.42;13293.13;13328.85;13246.43
09.01.2013 0:00:00;13329.92;13416.55;13329.08;13390.51;13249.25
10.01.2013 0:00:00;13391.82;13478.20;13382.29;13471.22;13264.91
11.01.2013 0:00:00;13471.45;13496.68;13439.97;13488.43;13277.54
14.01.2013 0:00:00;13488.43;13520.18;13459.84;13507.32;13300.14
15.01.2013 0:00:00;13507.32;13546.37;13445.80;13534.89;13328.41
16.01.2013 0:00:00;13534.89;13534.89;13468.96;13511.23;13356.74
17.01.2013 0:00:00;13511.23;13633.89;13510.24;13596.02;13392.44
18.01.2013 0:00:00;13596.02;13649.93;13571.86;13649.70;13443.27
22.01.2013 0:00:00;13649.70;13712.21;13622.96;13712.21;13486.70
23.01.2013 0:00:00;13712.21;13794.29;13710.13;13779.33;13512.90
24.01.2013 0:00:00;13779.33;13879.66;13779.33;13825.33;13543.90
25.01.2013 0:00:00;13825.33;13895.98;13825.33;13895.98;13576.81
28.01.2013 0:00:00;13895.98;13915.72;13862.57;13881.93;13612.35
29.01.2013 0:00:00;13881.93;13969.99;13880.01;13954.42;13657.04
30.01.2013 0:00:00;13954.42;13966.13;13896.95;13910.42;13694.17
31.01.2013 0:00:00;13910.42;13941.06;13860.58;13860.58;13721.99
01.02.2013 0:00:00;13860.58;14019.78;13860.58;14009.79;13759.22
04.02.2013 0:00:00;14009.79;14009.79;13866.83;13880.08;13785.85
05.02.2013 0:00:00;13880.08;14013.60;13880.08;13979.30;13817.59
06.02.2013 0:00:00;13979.30;13991.61;13913.18;13986.52;13851.54
07.02.2013 0:00:00;13986.52;13988.06;13852.20;13944.05;13876.40
08.02.2013 0:00:00;13944.05;14022.62;13944.05;13992.97;13900.92
11.02.2013 0:00:00;13992.97;13992.97;13940.41;13971.24;13919.42
12.02.2013 0:00:00;13971.24;14038.97;13968.94;14018.70;13936.52
13.02.2013 0:00:00;14018.70;14029.35;13945.78;13982.91;13947.78
14.02.2013 0:00:00;13982.91;13990.36;13921.94;13973.39;13953.31
15.02.2013 0:00:00;13973.39;14001.93;13906.73;13981.76;13960.44
19.02.2013 0:00:00;13981.76;14044.82;13977.90;14035.67;13966.24
20.02.2013 0:00:00;14035.67;14058.27;13919.28;13927.54;13967.46
21.02.2013 0:00:00;13927.54;13927.54;13834.40;13880.62;13968.90
22.02.2013 0:00:00;13880.62;14001.19;13880.62;14000.57;13968.24
25.02.2013 0:00:00;14000.57;14081.58;13784.01;13784.17;13961.39
26.02.2013 0:00:00;13784.17;13918.44;13784.17;13900.13;13955.73
27.02.2013 0:00:00;13900.13;14104.86;13880.19;14075.37;13962.08
28.02.2013 0:00:00;14075.37;14149.15;14050.18;14054.49;13969.97
01.03.2013 0:00:00;14054.49;14107.09;13937.60;14089.66;13976.87
04.03.2013 0:00:00;14089.66;14128.21;14030.37;14127.82;13988.06
05.03.2013 0:00:00;14127.82;14286.37;14127.82;14253.77;14004.85
06.03.2013 0:00:00;14253.77;14320.65;14253.00;14296.24;14027.23
07.03.2013 0:00:00;14296.24;14354.69;14296.24;14329.49;14052.66
08.03.2013 0:00:00;14329.49;14413.17;14329.49;14397.07;14082.33
11.03.2013 0:00:00;14397.07;14448.06;14373.32;14447.29;14111.73
12.03.2013 0:00:00;14447.29;14478.80;14412.06;14450.06;14149.05
13.03.2013 0:00:00;14450.06;14472.80;14411.66;14455.28;14190.10
14.03.2013 0:00:00;14455.28;14539.29;14455.28;14539.14;14228.57
15.03.2013 0:00:00;14539.14;14539.14;14470.50;14514.11;14280.71
18.03.2013 0:00:00;14514.11;14521.59;14404.21;14452.06;14320.13
19.03.2013 0:00:00;14452.06;14514.34;14382.09;14455.82;14347.31
20.03.2013 0:00:00;14455.82;14546.82;14455.82;14511.73;14379.97
21.03.2013 0:00:00;14511.73;14511.73;14383.02;14421.49;14403.67
22.03.2013 0:00:00;14421.49;14519.95;14421.49;14512.03;14431.11
25.03.2013 0:00:00;14512.03;14563.75;14395.00;14447.75;14444.97
26.03.2013 0:00:00;14447.75;14561.54;14447.75;14559.65;14463.78
27.03.2013 0:00:00;14559.65;14559.65;14439.55;14526.16;14477.83
28.03.2013 0:00:00;14526.16;14585.10;14520.86;14578.54;14490.79
01.04.2013 0:00:00;14578.54;14605.72;14531.48;14572.85;14499.76
02.04.2013 0:00:00;14572.85;14684.49;14572.85;14662.01;14514.90
03.04.2013 0:00:00;14662.01;14683.13;14525.36;14550.35;14521.69
04.04.2013 0:00:00;14550.35;14625.24;14538.72;14606.11;14526.48
05.04.2013 0:00:00;14606.11;14606.11;14434.43;14565.25;14530.13
08.04.2013 0:00:00;14565.25;14613.48;14497.80;14613.48;14541.66
09.04.2013 0:00:00;14613.48;14716.46;14598.50;14673.46;14557.20
10.04.2013 0:00:00;14673.46;14826.66;14673.46;14802.24;14577.96
11.04.2013 0:00:00;14802.24;14887.51;14785.36;14865.14;14609.64
12.04.2013 0:00:00;14865.14;14865.21;14790.57;14865.06;14634.86
15.04.2013 0:00:00;14865.06;14865.06;14598.58;14599.20;14645.68
16.04.2013 0:00:00;14599.20;14761.73;14599.20;14756.78;14659.76
17.04.2013 0:00:00;14756.78;14756.78;14560.81;14618.59;14666.36
18.04.2013 0:00:00;14618.59;14650.26;14495.29;14537.14;14663.40
19.04.2013 0:00:00;14537.14;14553.73;14444.03;14547.51;14661.59
22.04.2013 0:00:00;14547.51;14588.83;14457.60;14567.17;14654.82
23.04.2013 0:00:00;14567.17;14721.42;14554.29;14719.46;14666.90
24.04.2013 0:00:00;14719.46;14747.42;14666.54;14676.30;14671.91
25.04.2013 0:00:00;14676.30;14768.05;14665.45;14700.80;14681.59
26.04.2013 0:00:00;14700.80;14743.49;14684.82;14712.55;14688.67
29.04.2013 0:00:00;14712.55;14844.96;14712.55;14818.75;14699.05
30.04.2013 0:00:00;14818.75;14839.80;14734.47;14839.80;14701.73
01.05.2013 0:00:00;14839.80;14839.80;14687.05;14700.95;14690.00
02.05.2013 0:00:00;14700.95;14834.63;14700.95;14831.58;14687.61
03.05.2013 0:00:00;14831.58;15009.59;14831.58;14973.96;14714.38
06.05.2013 0:00:00;14973.96;14988.87;14941.09;14968.89;14729.53
07.05.2013 0:00:00;14968.89;15056.67;14968.89;15056.20;14760.79
08.05.2013 0:00:00;15056.20;15106.81;15021.87;15105.12;14801.36
09.05.2013 0:00:00;15105.12;15144.83;15046.87;15082.62;14839.58
10.05.2013 0:00:00;15082.62;15118.49;15038.18;15118.49;14878.96
13.05.2013 0:00:00;15113.42;15113.42;15053.46;15091.68;14905.55
14.05.2013 0:00:00;15092.15;15219.55;15089.30;15215.25;14944.05
15.05.2013 0:00:00;15211.87;15301.34;15175.39;15275.69;14985.11
16.05.2013 0:00:00;15273.92;15302.49;15215.82;15233.22;15022.30
17.05.2013 0:00:00;15234.75;15357.40;15234.75;15354.40;15060.56
20.05.2013 0:00:00;15348.33;15391.84;15314.15;15335.28;15095.95
21.05.2013 0:00:00;15334.97;15434.50;15325.68;15387.58;15145.00
22.05.2013 0:00:00;15387.12;15542.40;15265.96;15307.17;15178.97
23.05.2013 0:00:00;15300.57;15348.41;15180.23;15294.50;15201.86
24.05.2013 0:00:00;15290.74;15306.71;15199.63;15303.10;15225.74
28.05.2013 0:00:00;15307.33;15521.49;15307.33;15409.39;15250.96